<html>
<head><meta charset="utf-8" />
<style>
  body, html {
    background-color: rgb(34, 37, 41);
  }
</style>
</head>
<body>
    <div>                        <script type="text/javascript">window.PlotlyConfig = {MathJaxConfig: 'local'};</script>
        <script charset="utf-8" src="https://cdn.plot.ly/plotly-2.35.2.min.js"></script>                <div id="4f0e5ade-5728-41cc-a1c2-539535241798" class="plotly-graph-div" style="height:800px; width:800px;"></div>            <script type="text/javascript">                                    window.PLOTLYENV=window.PLOTLYENV || {};                                    if (document.getElementById("4f0e5ade-5728-41cc-a1c2-539535241798")) {                    Plotly.newPlot(                        "4f0e5ade-5728-41cc-a1c2-539535241798",                        [{"colorbar":{"title":{"text":"Overlap "}},"colorscale":[[0.0,"rgb(255,245,240)"],[0.125,"rgb(254,224,210)"],[0.25,"rgb(252,187,161)"],[0.375,"rgb(252,146,114)"],[0.5,"rgb(251,106,74)"],[0.625,"rgb(239,59,44)"],[0.75,"rgb(203,24,29)"],[0.875,"rgb(165,15,21)"],[1.0,"rgb(103,0,13)"]],"hovertemplate":"Feature X: %{x}\u003cbr\u003eFeature Y: %{y}\u003cbr\u003eOverlap: %{z:.2%}\u003cextra\u003e\u003c\u002fextra\u003e","showscale":true,"text":[["100.00%","4.44%","0.00%","0.00%","0.52%","0.08%","5.22%","1.13%"],["4.44%","100.00%","0.00%","0.00%","0.27%","0.14%","5.73%","1.31%"],["0.00%","0.00%","100.00%","0.01%","0.00%","0.00%","0.00%","0.01%"],["0.00%","0.00%","0.01%","100.00%","0.00%","0.00%","0.00%","0.01%"],["0.52%","0.27%","0.00%","0.00%","100.00%","0.00%","0.05%","0.03%"],["0.08%","0.14%","0.00%","0.00%","0.00%","100.00%","0.01%","0.00%"],["5.22%","5.73%","0.00%","0.00%","0.05%","0.01%","100.00%","0.11%"],["1.13%","1.31%","0.01%","0.01%","0.03%","0.00%","0.11%","100.00%"]],"textfont":{"size":10},"texttemplate":"%{text}","x":["Temp (C)","pH","koff (s-1)","kon (M-1-s-1)","EC50 (nM)","Kd (nM)","IC50 (nM)","Ki (nM)"],"y":["Temp (C)","pH","koff (s-1)","kon (M-1-s-1)","EC50 (nM)","Kd (nM)","IC50 (nM)","Ki (nM)"],"z":[[1.0,0.044401421091409404,1.5370905062800394e-05,1.0588845709929161e-05,0.005177262400819235,0.0008300288733912213,0.052186955293551836,0.011327332304279705],[0.044401421091409404,1.0,2.459344810048063e-05,2.049454008373386e-05,0.0026523350625032235,0.0013768915179588532,0.057323570189871664,0.013076882876094452],[1.5370905062800394e-05,2.459344810048063e-05,1.0,8.402761434330882e-05,0.0,1.742035907117378e-05,0.0,5.84094392386415e-05],[1.0588845709929161e-05,2.049454008373386e-05,8.402761434330882e-05,1.0,0.0,2.5959750772729555e-05,0.0,8.744337102393114e-05],[0.005177262400819235,0.0026523350625032235,0.0,0.0,1.0,3.7573323486845407e-06,0.0005232939234713379,0.00033132839802036405],[0.0008300288733912213,0.0013768915179588532,1.742035907117378e-05,2.5959750772729555e-05,3.7573323486845407e-06,1.0,7.446349563756636e-05,2.3910296764356168e-05],[0.052186955293551836,0.057323570189871664,0.0,0.0,0.0005232939234713379,7.446349563756636e-05,1.0,0.0010851858974337079],[0.011327332304279705,0.013076882876094452,5.84094392386415e-05,8.744337102393114e-05,0.00033132839802036405,2.3910296764356168e-05,0.0010851858974337079,1.0]],"zmax":0.001695752404094946,"zmin":0,"type":"heatmap"}],                        {"template":{"data":{"barpolar":[{"marker":{"line":{"color":"rgb(17,17,17)","width":0.5},"pattern":{"fillmode":"overlay","size":10,"solidity":0.2}},"type":"barpolar"}],"bar":[{"error_x":{"color":"#f2f5fa"},"error_y":{"color":"#f2f5fa"},"marker":{"line":{"color":"rgb(17,17,17)","width":0.5},"pattern":{"fillmode":"overlay","size":10,"solidity":0.2}},"type":"bar"}],"carpet":[{"aaxis":{"endlinecolor":"#A2B1C6","gridcolor":"#506784","linecolor":"#506784","minorgridcolor":"#506784","startlinecolor":"#A2B1C6"},"baxis":{"endlinecolor":"#A2B1C6","gridcolor":"#506784","linecolor":"#506784","minorgridcolor":"#506784","startlinecolor":"#A2B1C6"},"type":"carpet"}],"choropleth":[{"colorbar":{"outlinewidth":0,"ticks":""},"type":"choropleth"}],"contourcarpet":[{"colorbar":{"outlinewidth":0,"ticks":""},"type":"contourcarpet"}],"contour":[{"colorbar":{"outlinewidth":0,"ticks":""},"colorscale":[[0.0,"#0d0887"],[0.1111111111111111,"#46039f"],[0.2222222222222222,"#7201a8"],[0.3333333333333333,"#9c179e"],[0.4444444444444444,"#bd3786"],[0.5555555555555556,"#d8576b"],[0.6666666666666666,"#ed7953"],[0.7777777777777778,"#fb9f3a"],[0.8888888888888888,"#fdca26"],[1.0,"#f0f921"]],"type":"contour"}],"heatmapgl":[{"colorbar":{"outlinewidth":0,"ticks":""},"colorscale":[[0.0,"#0d0887"],[0.1111111111111111,"#46039f"],[0.2222222222222222,"#7201a8"],[0.3333333333333333,"#9c179e"],[0.4444444444444444,"#bd3786"],[0.5555555555555556,"#d8576b"],[0.6666666666666666,"#ed7953"],[0.7777777777777778,"#fb9f3a"],[0.8888888888888888,"#fdca26"],[1.0,"#f0f921"]],"type":"heatmapgl"}],"heatmap":[{"colorbar":{"outlinewidth":0,"ticks":""},"colorscale":[[0.0,"#0d0887"],[0.1111111111111111,"#46039f"],[0.2222222222222222,"#7201a8"],[0.3333333333333333,"#9c179e"],[0.4444444444444444,"#bd3786"],[0.5555555555555556,"#d8576b"],[0.6666666666666666,"#ed7953"],[0.7777777777777778,"#fb9f3a"],[0.8888888888888888,"#fdca26"],[1.0,"#f0f921"]],"type":"heatmap"}],"histogram2dcontour":[{"colorbar":{"outlinewidth":0,"ticks":""},"colorscale":[[0.0,"#0d0887"],[0.1111111111111111,"#46039f"],[0.2222222222222222,"#7201a8"],[0.3333333333333333,"#9c179e"],[0.4444444444444444,"#bd3786"],[0.5555555555555556,"#d8576b"],[0.6666666666666666,"#ed7953"],[0.7777777777777778,"#fb9f3a"],[0.8888888888888888,"#fdca26"],[1.0,"#f0f921"]],"type":"histogram2dcontour"}],"histogram2d":[{"colorbar":{"outlinewidth":0,"ticks":""},"colorscale":[[0.0,"#0d0887"],[0.1111111111111111,"#46039f"],[0.2222222222222222,"#7201a8"],[0.3333333333333333,"#9c179e"],[0.4444444444444444,"#bd3786"],[0.5555555555555556,"#d8576b"],[0.6666666666666666,"#ed7953"],[0.7777777777777778,"#fb9f3a"],[0.8888888888888888,"#fdca26"],[1.0,"#f0f921"]],"type":"histogram2d"}],"histogram":[{"marker":{"pattern":{"fillmode":"overlay","size":10,"solidity":0.2}},"type":"histogram"}],"mesh3d":[{"colorbar":{"outlinewidth":0,"ticks":""},"type":"mesh3d"}],"parcoords":[{"line":{"colorbar":{"outlinewidth":0,"ticks":""}},"type":"parcoords"}],"pie":[{"automargin":true,"type":"pie"}],"scatter3d":[{"line":{"colorbar":{"outlinewidth":0,"ticks":""}},"marker":{"colorbar":{"outlinewidth":0,"ticks":""}},"type":"scatter3d"}],"scattercarpet":[{"marker":{"colorbar":{"outlinewidth":0,"ticks":""}},"type":"scattercarpet"}],"scattergeo":[{"marker":{"colorbar":{"outlinewidth":0,"ticks":""}},"type":"scattergeo"}],"scattergl":[{"marker":{"line":{"color":"#283442"}},"type":"scattergl"}],"scattermapbox":[{"marker":{"colorbar":{"outlinewidth":0,"ticks":""}},"type":"scattermapbox"}],"scatterpolargl":[{"marker":{"colorbar":{"outlinewidth":0,"ticks":""}},"type":"scatterpolargl"}],"scatterpolar":[{"marker":{"colorbar":{"outlinewidth":0,"ticks":""}},"type":"scatterpolar"}],"scatter":[{"marker":{"line":{"color":"#283442"}},"type":"scatter"}],"scatterternary":[{"marker":{"colorbar":{"outlinewidth":0,"ticks":""}},"type":"scatterternary"}],"surface":[{"colorbar":{"outlinewidth":0,"ticks":""},"colorscale":[[0.0,"#0d0887"],[0.1111111111111111,"#46039f"],[0.2222222222222222,"#7201a8"],[0.3333333333333333,"#9c179e"],[0.4444444444444444,"#bd3786"],[0.5555555555555556,"#d8576b"],[0.6666666666666666,"#ed7953"],[0.7777777777777778,"#fb9f3a"],[0.8888888888888888,"#fdca26"],[1.0,"#f0f921"]],"type":"surface"}],"table":[{"cells":{"fill":{"color":"#506784"},"line":{"color":"rgb(17,17,17)"}},"header":{"fill":{"color":"#2a3f5f"},"line":{"color":"rgb(17,17,17)"}},"type":"table"}]},"layout":{"annotationdefaults":{"arrowcolor":"#f2f5fa","arrowhead":0,"arrowwidth":1},"autotypenumbers":"strict","coloraxis":{"colorbar":{"outlinewidth":0,"ticks":""}},"colorscale":{"diverging":[[0,"#8e0152"],[0.1,"#c51b7d"],[0.2,"#de77ae"],[0.3,"#f1b6da"],[0.4,"#fde0ef"],[0.5,"#f7f7f7"],[0.6,"#e6f5d0"],[0.7,"#b8e186"],[0.8,"#7fbc41"],[0.9,"#4d9221"],[1,"#276419"]],"sequential":[[0.0,"#0d0887"],[0.1111111111111111,"#46039f"],[0.2222222222222222,"#7201a8"],[0.3333333333333333,"#9c179e"],[0.4444444444444444,"#bd3786"],[0.5555555555555556,"#d8576b"],[0.6666666666666666,"#ed7953"],[0.7777777777777778,"#fb9f3a"],[0.8888888888888888,"#fdca26"],[1.0,"#f0f921"]],"sequentialminus":[[0.0,"#0d0887"],[0.1111111111111111,"#46039f"],[0.2222222222222222,"#7201a8"],[0.3333333333333333,"#9c179e"],[0.4444444444444444,"#bd3786"],[0.5555555555555556,"#d8576b"],[0.6666666666666666,"#ed7953"],[0.7777777777777778,"#fb9f3a"],[0.8888888888888888,"#fdca26"],[1.0,"#f0f921"]]},"colorway":["#636efa","#EF553B","#00cc96","#ab63fa","#FFA15A","#19d3f3","#FF6692","#B6E880","#FF97FF","#FECB52"],"font":{"color":"#f2f5fa"},"geo":{"bgcolor":"rgb(17,17,17)","lakecolor":"rgb(17,17,17)","landcolor":"rgb(17,17,17)","showlakes":true,"showland":true,"subunitcolor":"#506784"},"hoverlabel":{"align":"left"},"hovermode":"closest","mapbox":{"style":"dark"},"paper_bgcolor":"rgb(17,17,17)","plot_bgcolor":"rgb(17,17,17)","polar":{"angularaxis":{"gridcolor":"#506784","linecolor":"#506784","ticks":""},"bgcolor":"rgb(17,17,17)","radialaxis":{"gridcolor":"#506784","linecolor":"#506784","ticks":""}},"scene":{"xaxis":{"backgroundcolor":"rgb(17,17,17)","gridcolor":"#506784","gridwidth":2,"linecolor":"#506784","showbackground":true,"ticks":"","zerolinecolor":"#C8D4E3"},"yaxis":{"backgroundcolor":"rgb(17,17,17)","gridcolor":"#506784","gridwidth":2,"linecolor":"#506784","showbackground":true,"ticks":"","zerolinecolor":"#C8D4E3"},"zaxis":{"backgroundcolor":"rgb(17,17,17)","gridcolor":"#506784","gridwidth":2,"linecolor":"#506784","showbackground":true,"ticks":"","zerolinecolor":"#C8D4E3"}},"shapedefaults":{"line":{"color":"#f2f5fa"}},"sliderdefaults":{"bgcolor":"#C8D4E3","bordercolor":"rgb(17,17,17)","borderwidth":1,"tickwidth":0},"ternary":{"aaxis":{"gridcolor":"#506784","linecolor":"#506784","ticks":""},"baxis":{"gridcolor":"#506784","linecolor":"#506784","ticks":""},"bgcolor":"rgb(17,17,17)","caxis":{"gridcolor":"#506784","linecolor":"#506784","ticks":""}},"title":{"x":0.05},"updatemenudefaults":{"bgcolor":"#506784","borderwidth":0},"xaxis":{"automargin":true,"gridcolor":"#283442","linecolor":"#506784","ticks":"","title":{"standoff":15},"zerolinecolor":"#283442","zerolinewidth":2},"yaxis":{"automargin":true,"gridcolor":"#283442","linecolor":"#506784","ticks":"","title":{"standoff":15},"zerolinecolor":"#283442","zerolinewidth":2}}},"xaxis":{"tickangle":45,"autorange":"reversed"},"yaxis":{"autorange":"reversed"},"title":{"text":"Overlap of Binding Kinetics Features","x":0.5},"plot_bgcolor":"rgb(34, 37, 41)","paper_bgcolor":"rgb(34, 37, 41)","width":800,"height":800},                        {"responsive": true}                    )                };                            </script>        </div>
</body>
</html>
